10 0.000 0.000 0.000
20 0.000 0.000 0.000
30 0.000 0.000 0.000
40 0.000 0.000 0.000
50 0.000 0.000 0.000
60 0.000 0.000 0.000
70 0.000 0.000 0.000
80 0.000 0.000 0.000
90 0.000 0.000 0.000
100 0.000 0.000 0.000
200 0.000 0.000 0.000
300 0.000 0.000 0.000
400 0.000 0.000 0.000
500 0.000 0.000 0.000
600 0.000 0.000 0.000
700 0.000 0.000 0.000
800 0.000 0.000 0.000
900 0.000 0.000 0.000
1000 0.000 0.000 0.000
2000 0.001 0.000 0.000
3000 0.001 0.001 0.000
4000 0.001 0.001 0.000
5000 0.001 0.001 0.000
6000 0.001 0.001 0.000
7000 0.002 0.001 0.000
8000 0.002 0.002 0.001
9000 0.002 0.002 0.001
10000 0.002 0.002 0.001
20000 0.005 0.004 0.001
30000 0.008 0.007 0.002
40000 0.012 0.009 0.003
50000 0.015 0.011 0.003
60000 0.018 0.013 0.004
70000 0.021 0.016 0.005
80000 0.024 0.019 0.005
90000 0.027 0.021 0.006
100000 0.031 0.024 0.007
110000 0.034 0.027 0.007
120000 0.037 0.029 0.008
130000 0.041 0.032 0.009
140000 0.044 0.034 0.009
150000 0.048 0.036 0.010
160000 0.052 0.039 0.011
170000 0.055 0.042 0.012
180000 0.058 0.045 0.012
190000 0.061 0.048 0.013
200000 0.065 0.050 0.014
210000 0.068 0.053 0.014
220000 0.072 0.055 0.015
230000 0.075 0.058 0.016
240000 0.079 0.061 0.017
250000 0.085 0.065 0.018
260000 0.086 0.066 0.018
270000 0.089 0.069 0.019
280000 0.092 0.072 0.019
290000 0.097 0.075 0.020
300000 0.100 0.078 0.021
310000 0.103 0.080 0.021
320000 0.108 0.084 0.022
330000 0.111 0.086 0.023
340000 0.115 0.089 0.023
350000 0.119 0.091 0.024
360000 0.121 0.094 0.025
370000 0.125 0.096 0.025
380000 0.128 0.100 0.026
390000 0.133 0.104 0.027
400000 0.136 0.106 0.027
410000 0.141 0.107 0.028
420000 0.143 0.111 0.029
430000 0.146 0.115 0.029
440000 0.151 0.116 0.030
450000 0.154 0.119 0.031
460000 0.165 0.123 0.032
470000 0.163 0.125 0.032
480000 0.171 0.129 0.033
490000 0.170 0.131 0.033
500000 0.173 0.133 0.034
510000 0.179 0.135 0.035
520000 0.181 0.140 0.036
530000 0.190 0.148 0.036
540000 0.193 0.149 0.037
550000 0.194 0.150 0.039
560000 0.205 0.152 0.041
570000 0.200 0.160 0.039
580000 0.205 0.161 0.040
590000 0.206 0.161 0.040
600000 0.211 0.162 0.041
610000 0.214 0.166 0.041
620000 0.222 0.170 0.042
630000 0.224 0.176 0.044
640000 0.235 0.179 0.043
650000 0.231 0.179 0.045
660000 0.233 0.179 0.045
670000 0.264 0.190 0.066
680000 0.246 0.190 0.050
690000 0.248 0.189 0.048
700000 0.256 0.197 0.050
710000 0.252 0.196 0.049
720000 0.255 0.199 0.050
730000 0.259 0.199 0.050
740000 0.263 0.204 0.050
750000 0.267 0.206 0.051
760000 0.271 0.207 0.051
770000 0.275 0.216 0.052
780000 0.279 0.226 0.052
790000 0.286 0.218 0.055
800000 0.290 0.220 0.054
810000 0.294 0.232 0.055
820000 0.297 0.228 0.056
830000 0.301 0.228 0.056
840000 0.303 0.235 0.057
850000 0.308 0.234 0.057
860000 0.312 0.238 0.058
870000 0.311 0.241 0.058
880000 0.316 0.244 0.060
890000 0.319 0.244 0.061
900000 0.324 0.253 0.061
910000 0.329 0.255 0.061
920000 0.331 0.257 0.062
930000 0.341 0.257 0.063
940000 0.344 0.260 0.064
950000 0.343 0.263 0.065
960000 0.348 0.269 0.065
970000 0.350 0.270 0.065
980000 0.355 0.277 0.066
990000 0.361 0.279 0.067
1000000 0.364 0.279 0.068
