10 0.000 0.000 0.000
20 0.000 0.000 0.000
30 0.000 0.000 0.000
40 0.000 0.000 0.000
50 0.000 0.000 0.000
60 0.000 0.000 0.000
70 0.000 0.000 0.000
80 0.000 0.000 0.000
90 0.000 0.000 0.000
100 0.000 0.000 0.000
200 0.000 0.000 0.000
300 0.000 0.001 0.001
400 0.000 0.001 0.001
500 0.000 0.001 0.002
600 0.000 0.002 0.003
700 0.000 0.002 0.003
800 0.001 0.003 0.004
900 0.001 0.003 0.006
1000 0.001 0.004 0.007
2000 0.001 0.015 0.027
3000 0.002 0.034 0.060
4000 0.003 0.059 0.109
5000 0.003 0.092 0.173
6000 0.004 0.134 0.254
7000 0.005 0.183 0.352
8000 0.005 0.243 0.466
9000 0.006 0.309 0.593
10000 0.006 0.384 0.740
